10895.815 1550.1995 4582.7749
10832.051 954.96375 4582.7744
10768.287 359.72794 4582.7744
10704.522 -235.50795 4582.7744
10640.759 -830.74377 4582.7744
10576.995 -1425.9796 4582.7749
10513.23 -2021.2155 4582.7749
10449.467 -2616.4514 4582.7749
10005.614 -3012.9604 4555.8716
10069.378 -2417.7246 4555.8716
10133.142 -1822.4888 4555.8721
10196.906 -1227.2529 4555.8721
10260.67 -632.01703 4555.8721
10324.435 -36.781208 4555.8721
10388.198 558.45459 4555.8716
10451.962 1153.6903 4555.8716
10515.727 1748.9263 4555.8721
10579.49 2344.1621 4555.8721
10229.695 2825.6899 4528.9688
10165.932 2230.4541 4528.9688
10102.167 1635.2181 4528.9683
10038.403 1039.9824 4528.9688
9974.6396 444.7467 4528.9688
9910.875 -150.4892 4528.9688
9847.1113 -745.72504 4528.9688
9783.3467 -1340.9609 4528.9688
9719.583 -1936.1968 4528.9683
9655.8193 -2531.4326 4528.9683
9211.9658 -2927.9417 4502.0654
9275.7305 -2332.7058 4502.0654
9339.4941 -1737.47 4502.0654
9403.2588 -1142.2341 4502.0654
9467.0225 -546.99829 4502.0654
9530.7861 48.237545 4502.0654
9594.5508 643.47333 4502.0654
9658.3145 1238.709 4502.0654
9722.0791 1833.9451 4502.0654
9785.8428 2429.1809 4502.0659
9849.6064 3024.4165 4502.0649
9499.8115 3505.9446 4475.1621
9436.0479 2910.7087 4475.1621
9372.2842 2315.4729 4475.1621
9308.5195 1720.2369 4475.1621
9244.7559 1125.0011 4475.1621
9180.9912 529.76544 4475.1621
9117.2275 -65.470451 4475.1621
9053.4639 -660.70624 4475.1621
8989.6992 -1255.9421 4475.1621
8925.9355 -1851.178 4475.1621
8862.1709 -2446.4138 4475.1621
8798.4072 -3041.6497 4475.1621
8418.3184 -2842.9229 4448.2598
8482.083 -2247.687 4448.2593
8545.8467 -1652.4513 4448.2593
8609.6104 -1057.2155 4448.2593
8673.375 -461.97952 4448.2593
8737.1387 133.25629 4448.2593
8800.9033 728.49207 4448.2598
8864.667 1323.7278 4448.2598
8928.4307 1918.9637 4448.2593
8992.1953 2514.1995 4448.2593
9055.959 3109.4353 4448.2593
9119.7236 3704.6714 4448.2598
8706.1641 3590.9631 4421.356
8642.4004 2995.7275 4421.356
8578.6357 2400.4917 4421.356
8514.8721 1805.2557 4421.3564
8451.1084 1210.0199 4421.3564
8387.3438 614.78418 4421.356
8323.5801 19.548302 4421.356
8259.8154 -575.6875 4421.356
8196.0518 -1170.9235 4421.356
8132.2876 -1766.1592 4421.3564
8068.5234 -2361.395 4421.3564
8004.7593 -2956.6309 4421.3564
7624.6709 -2757.9041 4394.4526
7688.4351 -2162.6682 4394.4531
7752.1987 -1567.4325 4394.4531
7815.9629 -972.19659 4394.4531
7879.7271 -376.96078 4394.4531
7943.4912 218.27504 4394.4526
8007.2554 813.5108 4394.4526
8071.019 1408.7466 4394.4526
8134.7832 2003.9825 4394.4531
8198.5479 2599.2183 4394.4531
8262.3115 3194.4541 4394.4531
8326.0752 3789.6902 4394.4531
7976.2808 4271.2183 4367.5498
7912.5166 3675.9819 4367.5498
7848.7524 3080.7461 4367.5498
7784.9883 2485.5105 4367.5498
7721.2241 1890.2744 4367.5493
7657.4604 1295.0387 4367.5493
7593.6963 699.80298 4367.5498
7529.9321 104.56705 4367.5498
7466.168 -490.66876 4367.5498
7402.4038 -1085.9047 4367.5498
7338.6401 -1681.1405 4367.5498
7274.876 -2276.3762 4367.5493
7211.1118 -2871.6123 4367.5493
6831.0225 -2672.8853 4340.6465
6894.7866 -2077.6494 4340.6465
6958.5508 -1482.4137 4340.6465
7022.3149 -887.1778 4340.6465
7086.0791 -291.94196 4340.6465
7149.8428 303.29385 4340.6465
7213.6069 898.5296 4340.6465
7277.3711 1493.7654 4340.6465
7341.1353 2089.0015 4340.6465
7404.8994 2684.2371 4340.646
7468.6631 3279.4729 4340.6465
7532.4272 3874.709 4340.6465
7596.1914 4469.9448 4340.6465
7246.397 4951.4727 4313.7437
7182.6328 4356.2368 4313.7437
7118.8687 3761.0007 4313.7437
7055.105 3165.7649 4313.7441
6991.3408 2570.5293 4313.7437
6927.5767 1975.2932 4313.7437
6863.8125 1380.0574 4313.7437
6800.0483 784.82172 4313.7437
6736.2847 189.5858 4313.7437
6672.5205 -405.65002 4313.7441
6608.7563 -1000.8859 4313.7437
6544.9922 -1596.1217 4313.7437
6481.228 -2191.3577 4313.7437
6417.4639 -2786.5935 4313.7437
5973.6108 -3183.1025 4286.8408
6037.375 -2587.8665 4286.8403
6101.1392 -1992.6307 4286.8403
6164.9028 -1397.3949 4286.8403
6228.667 -802.15906 4286.8403
6292.4312 -206.92323 4286.8403
6356.1953 388.31262 4286.8408
6419.9595 983.5484 4286.8408
6483.7231 1578.7841 4286.8403
6547.4873 2174.02 4286.8403
6611.2515 2769.2559 4286.8403
6675.0156 3364.4917 4286.8403
6738.7798 3959.7275 4286.8403
6802.5439 4554.9634 4286.8408
6866.3076 5150.1992 4286.8403
6452.7495 5036.4912 4259.9375
6388.9854 4441.2559 4259.9375
6325.2212 3846.0195 4259.937
6261.457 3250.7837 4259.937
6197.6929 2655.5479 4259.937
6133.9292 2060.312 4259.9375
6070.165 1465.0762 4259.9375
6006.4009 869.84045 4259.9375
5942.6367 274.60455 4259.937
5878.8726 -320.63126 4259.937
5815.1084 -915.86707 4259.937
5751.3447 -1511.103 4259.937
5687.5806 -2106.3389 4259.9375
5623.8164 -2701.5747 4259.9375
5560.0522 -3296.8105 4259.9375
5179.9634 -3098.0837 4233.0337
5243.7271 -2502.8479 4233.0342
5307.4912 -1907.6121 4233.0342
5371.2554 -1312.3762 4233.0342
5435.0195 -717.14032 4233.0342
5498.7837 -121.90448 4233.0337
5562.5474 473.33136 4233.0337
5626.3115 1068.567 4233.0337
5690.0757 1663.8029 4233.0342
5753.8398 2259.0388 4233.0342
5817.604 2854.2747 4233.0342
5881.3677 3449.5105 4233.0342
5945.1318 4044.7463 4233.0337
6008.896 4639.9819 4233.0337
6072.6602 5235.2183 4233.0337
6136.4243 5830.4541 4233.0342
5722.8657 5716.7461 4206.1309
5659.1016 5121.5098 4206.1309
5595.3374 4526.2744 4206.1313
5531.5737 3931.0383 4206.1313
5467.8096 3335.8025 4206.1313
5404.0454 2740.5667 4206.1313
5340.2813 2145.3306 4206.1313
5276.5171 1550.095 4206.1309
5212.7529 954.85919 4206.1309
5148.9893 359.62332 4206.1313
5085.2251 -235.61253 4206.1313
5021.4609 -830.84833 4206.1313
4957.6968 -1426.0842 4206.1313
4893.9326 -2021.3201 4206.1313
4830.1689 -2616.5559 4206.1309
4766.4048 -3211.7917 4206.1313
4386.3154 -3013.0649 4179.228
4450.0796 -2417.8291 4179.228
4513.8438 -1822.5933 4179.228
4577.6079 -1227.3574 4179.228
4641.3716 -632.12152 4179.228
4705.1357 -36.885727 4179.228
4768.8999 558.3501 4179.228
4832.6641 1153.5858 4179.228
4896.4282 1748.8215 4179.228
4960.1919 2344.0576 4179.2275
5023.9561 2939.2935 4179.228
5087.7202 3534.5291 4179.228
5151.4844 4129.7656 4179.228
5215.2485 4725.001 4179.228
5279.0122 5320.2368 4179.228
5342.7764 5915.4731 4179.228
4992.9819 6397.001 4152.3247
4929.2183 5801.7646 4152.3247
4865.4541 5206.5288 4152.3247
4801.6899 4611.2935 4152.3247
4737.9258 4016.0569 4152.3247
4674.1616 3420.8213 4152.3247
4610.3975 2825.5854 4152.3247
4546.6338 2230.3494 4152.3247
4482.8696 1635.1136 4152.3247
4419.1055 1039.8779 4152.3247
4355.3413 444.64206 4152.3247
4291.5771 -150.59378 4152.3247
4227.8135 -745.82959 4152.3252
4164.0493 -1341.0654 4152.3247
4100.2852 -1936.3013 4152.3247
4036.5212 -2531.5371 4152.3247
3972.7573 -3126.7729 4152.3247
3592.668 -2928.0464 4125.4214
3656.4321 -2332.8103 4125.4214
3720.196 -1737.5745 4125.4214
3783.9602 -1142.3386 4125.4214
3847.7244 -547.10278 4125.4214
3911.4883 48.133026 4125.4219
3975.2524 643.36884 4125.4219
4039.0166 1238.6046 4125.4214
4102.7803 1833.8403 4125.4214
4166.5444 2429.0764 4125.4214
4230.3086 3024.312 4125.4214
4294.0728 3619.5479 4125.4214
4357.8364 4214.7842 4125.4219
4421.6006 4810.0195 4125.4219
4485.3647 5405.2559 4125.4214
4549.1289 6000.4917 4125.4214
4612.8931 6595.7271 4125.4214
4199.3345 6482.0195 4098.5186
4135.5703 5886.7837 4098.5186
4071.8064 5291.5474 4098.519
4008.0425 4696.312 4098.519
3944.2783 4101.0762 4098.5186
3880.5144 3505.8398 4098.5186
3816.7502 2910.6042 4098.5186
3752.9861 2315.3682 4098.5186
3689.2222 1720.1324 4098.519
3625.458 1124.8966 4098.519
3561.6938 529.66083 4098.519
3497.9299 -65.575027 4098.5186
3434.1658 -660.81085 4098.5186
3370.4019 -1256.0468 4098.5186
3306.6377 -1851.2826 4098.5186
3242.8735 -2446.5186 4098.519
3179.1096 -3041.7542 4098.519
2799.0203 -2843.0276 4071.6157
2862.7844 -2247.7915 4071.6157
2926.5486 -1652.5558 4071.6157
2990.3125 -1057.3199 4071.6157
3054.0767 -462.08405 4071.6152
3117.8406 133.15176 4071.6152
3181.6047 728.38763 4071.6152
3245.3689 1323.6233 4071.6157
3309.1328 1918.8591 4071.6157
3372.897 2514.0952 4071.6157
3436.6611 3109.3308 4071.6157
3500.425 3704.5667 4071.6152
3564.1892 4299.8027 4071.6152
3627.9531 4895.0386 4071.6152
3691.7173 5490.2744 4071.6157
3755.4814 6085.5103 4071.6157
3819.2454 6680.7461 4071.6157
3883.0095 7275.9819 4071.6157
3469.4507 7162.2739 4044.7124
3405.6868 6567.0381 4044.7124
3341.9226 5971.8022 4044.7124
3278.1584 5376.5664 4044.7119
3214.3945 4781.3306 4044.7119
3150.6304 4186.0947 4044.7124
3086.8665 3590.8586 4044.7124
3023.1023 2995.623 4044.7124
2959.3381 2400.387 4044.7124
2895.5742 1805.1512 4044.7124
2831.8101 1209.9154 4044.7119
2768.0459 614.67957 4044.7119
2704.282 19.443752 4044.7124
2640.5178 -575.79205 4044.7124
2576.7539 -1171.028 4044.7124
2512.9897 -1766.2638 4044.7124
2449.2256 -2361.4998 4044.7119
2385.4617 -2956.7354 4044.7119
1941.6082 -3353.2446 4017.8091
2005.3723 -2758.0088 4017.8091
2069.1365 -2162.7727 4017.8091
2132.9006 -1567.537 4017.8091
2196.6646 -972.30109 4017.8091
2260.4287 -377.06528 4017.8091
2324.1926 218.17055 4017.8091
2387.9568 813.40637 4017.8091
2451.7209 1408.6421 4017.8091
2515.4849 2003.8778 4017.8091
2579.249 2599.1138 4017.8091
2643.0132 3194.3496 4017.8091
2706.7771 3789.5854 4017.8091
2770.5413 4384.8218 4017.8091
2834.3052 4980.0571 4017.8091
2898.0693 5575.293 4017.8091
2961.8335 6170.5293 4017.8086
3025.5974 6765.7646 4017.8091
3089.3616 7361.001 4017.8091
2739.5671 7842.5288 3990.9063
2675.803 7247.2925 3990.9063
2612.0391 6652.0571 3990.9063
2548.2749 6056.8208 3990.9063
2484.511 5461.585 3990.9063
2420.7468 4866.3496 3990.9063
2356.9827 4271.1133 3990.9063
2293.2188 3675.8774 3990.9063
2229.4546 3080.6416 3990.9067
2165.6904 2485.4058 3990.9063
2101.9265 1890.1699 3990.9063
2038.1622 1294.9342 3990.9063
1974.3982 699.69836 3990.9063
1910.6342 104.4625 3990.9063
1846.8701 -490.77332 3990.9063
1783.106 -1086.0092 3990.9063
1719.3419 -1681.245 3990.9063
1655.5779 -2276.481 3990.9063
1591.8138 -2871.7168 3990.9063
1528.0497 -3466.9524 3990.9063
1147.9604 -3268.2258 3964.0034
1211.7246 -2672.99 3964.0029
1275.4886 -2077.7539 3964.0029
1339.2527 -1482.5182 3964.0029
1403.0168 -887.28235 3964.0029
1466.7809 -292.04651 3964.0029
1530.5449 303.1893 3964.0034
1594.309 898.42517 3964.0029
1658.0731 1493.6609 3964.0029
1721.8372 2088.8967 3964.0029
1785.6012 2684.1326 3964.0029
1849.3652 3279.3684 3964.0029
1913.1294 3874.6042 3964.0034
1976.8934 4469.8403 3964.0034
2040.6575 5065.0762 3964.0029
2104.4216 5660.312 3964.0029
2168.1858 6255.5479 3964.0029
2231.9497 6850.7837 3964.0029
2295.7139 7446.0195 3964.0029
2359.478 8041.2549 3964.0034
2009.6833 8522.7822 3937.1001
1945.9193 7927.5474 3937.0996
1882.1553 7332.3115 3937.0996
1818.3912 6737.0757 3937.0996
1754.6272 6141.8398 3937.0996
1690.863 5546.604 3937.1001
1627.099 4951.3682 3937.1001
1563.335 4356.1323 3937.1001
1499.5709 3760.8962 3937.0996
1435.8068 3165.6604 3937.0996
1372.0427 2570.4246 3937.0996
1308.2787 1975.1887 3937.0996
1244.5145 1379.9529 3937.1001
1180.7505 784.7171 3937.1001
1116.9865 189.48125 3937.1001
1053.2224 -405.75455 3937.0996
989.45837 -1000.9904 3937.0996
925.69421 -1596.2263 3937.0996
861.93018 -2191.4622 3937.1001
798.16614 -2786.698 3937.1001
734.4021 -3381.9336 3937.1001
354.31277 -3183.207 3910.1963
418.07684 -2587.9712 3910.1968
481.84094 -1992.7352 3910.1968
545.60498 -1397.4995 3910.1968
609.36902 -802.26361 3910.1968
673.13318 -207.02777 3910.1963
736.89722 388.20807 3910.1963
800.66125 983.44391 3910.1963
864.42529 1578.6796 3910.1968
928.18945 2173.9153 3910.1968
991.95349 2769.1514 3910.1968
1055.7175 3364.3872 3910.1963
1119.4816 3959.6228 3910.1963
1183.2457 4554.8594 3910.1963
1247.0098 5150.0947 3910.1968
1310.7738 5745.3306 3910.1968
1374.5378 6340.5669 3910.1968
1438.3019 6935.8022 3910.1968
1502.066 7531.0381 3910.1963
1565.8301 8126.2739 3910.1963
1629.5941 8721.5098 3910.1963
1216.0356 8607.8008 3883.2935
1152.2716 8012.5659 3883.2939
1088.5074 7417.3301 3883.2939
1024.7435 6822.0947 3883.2939
960.97937 6226.8584 3883.2939
897.21533 5631.6226 3883.2939
833.45129 5036.3872 3883.2935
769.68713 4441.1509 3883.2935
705.9231 3845.915 3883.2939
642.15906 3250.6792 3883.2939
578.39502 2655.4431 3883.2939
514.63086 2060.2075 3883.2939
450.86682 1464.9717 3883.2935
387.10275 869.73584 3883.2935
323.33868 274.50003 3883.2939
259.57462 -320.73581 3883.2939
195.81055 -915.97162 3883.2939
132.04648 -1511.2075 3883.2939
68.282402 -2106.4434 3883.2939
4.5183411 -2701.6792 3883.2935
-59.24572 -3296.915 3883.2935
-439.33496 -3098.1882 3856.3906
-375.57089 -2502.9524 3856.3906
-311.80682 -1907.7164 3856.3901
-248.04276 -1312.4807 3856.3906
-184.27869 -717.24481 3856.3906
-120.51462 -122.00902 3856.3906
-56.750542 473.22684 3856.3906
7.0135269 1068.4626 3856.3906
70.777588 1663.6984 3856.3906
134.54166 2258.9341 3856.3901
198.30574 2854.1702 3856.3906
262.06982 3449.406 3856.3906
325.83386 4044.6416 3856.3906
389.59796 4639.8779 3856.3906
453.362 5235.1133 3856.3906
517.1261 5830.3496 3856.3901
580.89014 6425.5854 3856.3906
644.65417 7020.8208 3856.3906
708.41833 7616.0571 3856.3906
772.18237 8211.292 3856.3906
835.94641 8806.5283 3856.3906
422.38791 8692.8203 3829.4873
358.6239 8097.585 3829.4873
294.8598 7502.3486 3829.4873
231.09576 6907.1133 3829.4873
167.33167 6311.8774 3829.4873
103.56758 5716.6411 3829.4873
39.803543 5121.4058 3829.4873
-23.960541 4526.1699 3829.4873
-87.724609 3930.9338 3829.4873
-151.48866 3335.698 3829.4873
-215.25275 2740.4619 3829.4878
-279.01682 2145.2263 3829.4873
-342.78088 1549.9905 3829.4873
-406.54495 954.75464 3829.4873
-470.30905 359.51877 3829.4873
-534.07312 -235.71706 3829.4873
-597.83716 -830.95288 3829.4873
-661.6012 -1426.1887 3829.4873
-725.36536 -2021.4247 3829.4873
-789.12939 -2616.6604 3829.4873
-852.89343 -3211.8962 3829.4873
-1232.9828 -3013.1694 3802.584
-1169.2186 -2417.9338 3802.584
-1105.4546 -1822.6978 3802.584
-1041.6906 -1227.4619 3802.584
-977.92651 -632.22607 3802.584
-914.16235 -36.990253 3802.5845
-850.39832 558.24561 3802.584
-786.63428 1153.4813 3802.584
-722.87012 1748.7172 3802.584
-659.10608 2343.9529 3802.584
-595.34204 2939.189 3802.584
-531.578 3534.4246 3802.584
-467.81387 4129.6606 3802.5845
-404.0498 4724.8965 3802.584
-340.28577 5320.1323 3802.584
-276.52167 5915.3682 3802.584
-212.75757 6510.604 3802.584
-148.99355 7105.8398 3802.584
-85.229446 7701.0757 3802.5845
-21.465416 8296.3105 3802.5845
42.298672 8891.5469 3802.584
-371.25989 8777.8389 3775.6816
-435.02393 8182.6035 3775.6816
-498.78799 7587.3677 3775.6812
-562.552 6992.1323 3775.6812
-626.31616 6396.896 3775.6812
-690.0802 5801.6602 3775.6812
-753.84424 5206.4243 3775.6816
-817.6084 4611.1885 3775.6816
-881.37244 4015.9526 3775.6812
-945.13647 3420.7168 3775.6812
-1008.9006 2825.4807 3775.6812
-1072.6647 2230.2449 3775.6812
-1136.4287 1635.0092 3775.6812
-1200.1927 1039.7733 3775.6816
-1263.9569 444.53754 3775.6816
-1327.7209 -150.6983 3775.6812
-1391.485 -745.93408 3775.6812
-1455.249 -1341.17 3775.6812
-1519.0132 -1936.4059 3775.6812
-1582.7772 -2531.6416 3775.6816
-1646.5413 -3126.8774 3775.6816
-2026.6305 -2928.1506 3748.7778
-1962.8665 -2332.915 3748.7783
-1899.1023 -1737.679 3748.7783
-1835.3383 -1142.4432 3748.7783
-1771.5742 -547.20734 3748.7778
-1707.8102 48.028503 3748.7778
-1644.046 643.26434 3748.7778
-1580.282 1238.5001 3748.7783
-1516.5179 1833.7358 3748.7783
-1452.7539 2428.9717 3748.7783
-1388.9897 3024.2078 3748.7778
-1325.2257 3619.4434 3748.7778
-1261.4617 4214.6792 3748.7778
-1197.6976 4809.9155 3748.7778
-1133.9336 5405.1509 3748.7783
-1070.1694 6000.3872 3748.7783
-1006.4054 6595.623 3748.7783
-942.64124 7190.8584 3748.7778
-878.8772 7786.0947 3748.7778
-815.11316 8381.3291 3748.7778
-1292.4358 7672.3862 3721.875
-1356.1998 7077.1509 3721.875
-1419.9639 6481.915 3721.875
-1483.7279 5886.6787 3721.875
-1547.4919 5291.4434 3721.875
-1611.2561 4696.2075 3721.8745
-1675.0201 4100.9717 3721.8745
-1738.7842 3505.7356 3721.875
-1802.5483 2910.4995 3721.875
-1866.3124 2315.2637 3721.875
-1930.0764 1720.028 3721.875
-1993.8405 1124.7921 3721.8745
-2057.6045 529.55627 3721.8745
-2121.3684 -65.679543 3721.875
-2185.1326 -660.91534 3721.875
-2248.8967 -1256.1512 3721.875
-2312.6606 -1851.3871 3721.875
-2376.4248 -2446.6228 3721.875
-2440.189 -3041.8586 3721.8745
-2820.2781 -2843.1321 3694.9717
-2756.5139 -2247.8962 3694.9712
-2692.75 -1652.6603 3694.9712
-2628.9858 -1057.4244 3694.9717
-2565.2217 -462.18857 3694.9717
-2501.4578 133.04726 3694.9717
-2437.6936 728.28308 3694.9717
-2373.9297 1323.5189 3694.9717
-2310.1655 1918.7546 3694.9712
-2246.4014 2513.9905 3694.9717
-2182.6375 3109.2263 3694.9717
-2118.8733 3704.4622 3694.9717
-2055.1091 4299.6982 3694.9717
-1991.3452 4894.9341 3694.9717
-1927.5812 5490.1699 3694.9717
-1863.8171 6085.4058 3694.9712
-1800.0531 6680.6416 3694.9717
-1736.2891 7275.8774 3694.9717
-2213.6113 6566.9336 3668.0693
-2277.3755 5971.6978 3668.0688
-2341.1396 5376.4619 3668.0688
-2404.9036 4781.2261 3668.0688
-2468.6677 4185.9902 3668.0688
-2532.4319 3590.7542 3668.0688
-2596.1958 2995.5183 3668.0688
-2659.96 2400.2825 3668.0688
-2723.7239 1805.0468 3668.0688
-2787.488 1209.8108 3668.0688
-2851.2522 614.57507 3668.0688
-2915.0161 19.339207 3668.0688
-2978.7803 -575.89661 3668.0688
-3042.5444 -1171.1324 3668.0688
-3106.3083 -1766.3684 3668.0688
-3170.0725 -2361.6042 3668.0688
-3233.8364 -2956.8398 3668.0688
-3613.9258 -2758.1133 3641.1655
-3550.1616 -2162.8774 3641.1655
-3486.3977 -1567.6415 3641.1655
-3422.6335 -972.40564 3641.1655
-3358.8694 -377.1698 3641.166
-3295.1055 218.06599 3641.166
-3231.3413 813.30182 3641.1655
-3167.5771 1408.5376 3641.1655
-3103.8132 2003.7734 3641.1655
-3040.0491 2599.009 3641.1655
-2976.2852 3194.2451 3641.1655
-2912.521 3789.481 3641.166
-2848.7568 4384.7168 3641.1655
-2784.9929 4979.9531 3641.1655
-2721.2288 5575.1885 3641.1655
-2657.4646 6170.4243 3641.1655
-3071.0234 6056.7163 3614.2622
-3134.7876 5461.481 3614.2622
-3198.5515 4866.2446 3614.2627
-3262.3157 4271.0093 3614.2627
-3326.0796 3675.7729 3614.2622
-3389.8438 3080.5371 3614.2622
-3453.6079 2485.3013 3614.2622
-3517.3718 1890.0654 3614.2622
-3581.136 1294.8296 3614.2622
-3644.9001 699.59381 3614.2627
-3708.6641 104.35798 3614.2627
-3772.4282 -490.87784 3614.2622
-3836.1924 -1086.1138 3614.2622
-3899.9563 -1681.3496 3614.2622
-3963.7205 -2276.5854 3614.2622
-4027.4844 -2871.821 3614.2627
-4343.8096 -2077.8586 3587.3594
-4280.0454 -1482.6227 3587.3594
-4216.2813 -887.3869 3587.3589
-4152.5176 -292.15106 3587.3589
-4088.7532 303.08478 3587.3589
-4024.989 898.32062 3587.3589
-3961.2249 1493.5564 3587.3594
-3897.4609 2088.7922 3587.3594
-3833.6968 2684.0278 3587.3594
-3769.9329 3279.2639 3587.3589
-3706.1687 3874.4998 3587.3589
-3642.4045 4469.7358 3587.3589
-3578.6406 5064.9717 3587.3594
-3514.8765 5660.207 3587.3594
-3992.199 4951.2637 3560.4556
-4055.9631 4356.0278 3560.4556
-4119.7275 3760.7917 3560.4561
-4183.4917 3165.5557 3560.4561
-4247.2554 2570.3201 3560.4561
-4311.0195 1975.0842 3560.4561
-4374.7837 1379.8483 3560.4561
-4438.5479 784.61255 3560.4556
-4502.312 189.37671 3560.4556
-4627.3447 2769.0466 3533.5532
-4563.5806 3364.2827 3533.5532
-4499.8164 3959.5183 3533.5532
-4436.0527 4554.7544 3533.5532
