-8057.5405 -2957.7932 -1038.5701
-8571.0156 -1944.8165 -1028.8567
-8128.8037 -2350.0779 -1028.8564
-7686.5923 -2755.3389 -1028.8564
-7244.3804 -3160.5999 -1028.8564
-6632.769 -3178.6995 -1019.1432
-7074.981 -2773.4385 -1019.1432
-7517.1929 -2368.1775 -1019.1431
-7959.4043 -1962.9163 -1019.1431
-8401.6162 -1557.6552 -1019.1431
-8472.8789 -949.93982 -1009.4297
-8030.6675 -1355.2009 -1009.4296
-7588.4561 -1760.462 -1009.4296
-7146.2441 -2165.7231 -1009.4297
-6704.0327 -2570.9841 -1009.4297
-6261.8208 -2976.2451 -1009.4296
-5650.2095 -2994.3447 -999.71625
-6092.4209 -2589.0837 -999.71625
-6534.6328 -2183.8228 -999.71637
-6976.8447 -1778.5616 -999.71637
-7419.0562 -1373.3007 -999.71637
-7861.2681 -968.03955 -999.71625
-8303.4795 -562.77875 -999.71625
-8374.7422 44.936737 -990.00275
-7932.5313 -360.32407 -990.00275
-7490.3198 -765.58527 -990.00287
-7048.1079 -1170.8463 -990.00287
-6605.896 -1576.1073 -990.00287
-6163.6846 -1981.3683 -990.00275
-5721.4727 -2386.6294 -990.00275
-5279.2607 -2791.8904 -990.00287
-4837.0493 -3197.1516 -990.00287
-4667.6494 -2809.99 -980.28949
-5109.8613 -2404.729 -980.28949
-5552.0728 -1999.468 -980.28949
-5994.2847 -1594.2069 -980.28937
-6436.4966 -1188.9459 -980.28949
-6878.708 -783.685 -980.28949
-7320.9199 -378.42383 -980.28949
-7763.1313 26.836988 -980.28949
-8205.3428 432.09814 -980.28937
-8276.6064 1039.8136 -970.57599
-7834.395 634.55243 -970.57599
-7392.1836 229.29163 -970.57599
-6949.9717 -175.96951 -970.57599
-6507.7598 -581.23071 -970.57599
-6065.5479 -986.4917 -970.57599
-5623.3364 -1391.7526 -970.57599
-5181.1245 -1797.0135 -970.57599
-4738.9131 -2202.2747 -970.57599
-4296.7012 -2607.5359 -970.57599
-3854.4895 -3012.7969 -970.57599
-3242.8782 -3030.8965 -960.86261
-3685.0898 -2625.6355 -960.86261
-4127.3018 -2220.3745 -960.86273
-4569.5132 -1815.1133 -960.86261
-5011.7251 -1409.8523 -960.86261
-5453.937 -1004.5912 -960.86261
-5896.1484 -599.33026 -960.86261
-6338.3604 -194.06926 -960.86273
-6780.5718 211.19188 -960.86261
-7222.7837 616.45264 -960.86261
-7664.9951 1021.7138 -960.86261
-8107.207 1426.975 -960.86273
-8549.418 1832.2358 -960.86261
-8178.4702 2034.6898 -951.14923
-7736.2588 1629.4291 -951.14923
-7294.0469 1224.168 -951.14911
-6851.8354 818.9071 -951.14911
-6409.6235 413.646 -951.14923
-5967.4116 8.3848457 -951.14923
-5525.2002 -396.87613 -951.14911
-5082.9883 -802.13715 -951.14911
-4640.7769 -1207.3981 -951.14911
-4198.5649 -1612.6591 -951.14923
-3756.3533 -2017.9202 -951.14911
-3314.1416 -2423.1812 -951.14911
-2871.9297 -2828.4424 -951.14911
-2260.3184 -2846.5417 -941.43585
-2702.53 -2441.2808 -941.43585
-3144.7417 -2036.0197 -941.43573
-3586.9534 -1630.7585 -941.43573
-4029.165 -1225.4976 -941.43585
-4471.377 -820.23669 -941.43585
-4913.5889 -414.97552 -941.43573
-5355.8003 -9.7145557 -941.43573
-5798.0122 395.54642 -941.43573
-6240.2241 800.80756 -941.43585
-6682.4355 1206.0684 -941.43585
-7124.6475 1611.3296 -941.43573
-7566.8589 2016.5907 -941.43573
-8009.0708 2421.8513 -941.43585
-7638.1226 2624.3054 -931.72235
-7195.9111 2219.0444 -931.72223
-6753.6992 1813.7834 -931.72235
-6311.4878 1408.5227 -931.72235
-5869.2759 1003.2615 -931.72235
-5427.064 598.00031 -931.72223
-4984.8521 192.73938 -931.72235
-4542.6406 -212.52159 -931.72235
-4100.4287 -617.78259 -931.72235
-3658.217 -1023.0436 -931.72235
-3216.0054 -1428.3047 -931.72223
-2773.7937 -1833.5657 -931.72235
-2331.5818 -2238.8267 -931.72235
-1889.3701 -2644.0879 -931.72235
-1447.1584 -3049.3489 -931.72223
-835.54681 -3067.4482 -922.00897
-1277.7587 -2662.1873 -922.00897
-1719.9703 -2256.9263 -922.00897
-2162.1821 -1851.6652 -922.00897
-2604.3938 -1446.4042 -922.00897
-3046.6055 -1041.1431 -922.00897
-3488.8171 -635.88214 -922.00885
-3931.0288 -230.62115 -922.00897
-4373.2407 174.63998 -922.00897
-4815.4526 579.90094 -922.00897
-5257.6641 985.16193 -922.00897
-5699.876 1390.4231 -922.00897
-6142.0874 1795.684 -922.00897
-6584.2993 2200.9448 -922.00897
-7026.5112 2606.2061 -922.00897
-6213.3511 2403.3992 -912.29559
-5771.1396 1998.1384 -912.29559
-5328.9277 1592.8772 -912.29572
-4886.7158 1187.6161 -912.29559
-4444.5039 782.35504 -912.29559
-4002.2925 377.09412 -912.29559
-3560.0808 -28.16688 -912.29559
-3117.8689 -433.42795 -912.29559
-2675.6572 -838.68903 -912.29559
-2233.4456 -1243.95 -912.29559
-1791.2338 -1649.2109 -912.29559
-1349.0221 -2054.4719 -912.29559
-906.8103 -2459.7332 -912.29559
-464.59857 -2864.9941 -912.29559
147.013 -2883.0938 -902.58209
-295.19876 -2477.8325 -902.58209
-737.41046 -2072.5715 -902.58209
-1179.6223 -1667.3104 -902.58209
-1621.834 -1262.0494 -902.58221
-2064.0457 -856.78851 -902.58209
-2506.2576 -451.5274 -902.58209
-2948.4692 -46.266445 -902.58209
-3390.6809 358.99454 -902.58209
-3832.8926 764.25568 -902.58209
-4275.1045 1169.5167 -902.58209
-4717.3159 1574.7777 -902.58209
-5159.5278 1980.0388 -902.58209
-5601.7393 2385.2996 -902.58221
-6043.9512 2790.5605 -902.58209
-5230.7915 2587.7539 -892.86884
-4788.5796 2182.4929 -892.86871
-4346.3677 1777.2318 -892.86871
-3904.156 1371.9708 -892.86884
-3461.9443 966.70978 -892.86884
-3019.7327 561.44879 -892.86871
-2577.521 156.18776 -892.86871
-2135.3091 -249.0733 -892.86871
-1693.0974 -654.33429 -892.86884
-1250.8857 -1059.5952 -892.86871
-808.67395 -1464.8563 -892.86871
-366.46222 -1870.1173 -892.86871
75.749512 -2275.3784 -892.86884
517.96118 -2680.6394 -892.86884
960.17285 -3085.9004 -892.86871
1129.5728 -2698.739 -883.15521
687.36108 -2293.478 -883.15533
245.14932 -1888.2168 -883.15533
-197.06241 -1482.9558 -883.15533
-639.27411 -1077.6948 -883.15521
-1081.486 -672.43384 -883.15521
-1523.6976 -267.17279 -883.15533
-1965.9094 138.08827 -883.15533
-2408.1211 543.34924 -883.15521
-2850.3328 948.61017 -883.15521
-3292.5447 1353.8715 -883.15533
-3734.7563 1759.1323 -883.15533
-4176.9678 2164.3933 -883.15521
-4619.1797 2569.6543 -883.15521
-4248.2314 2772.1084 -873.44196
-3806.0198 2366.8474 -873.44196
-3363.8079 1961.5864 -873.44196
-2921.5962 1556.3254 -873.44183
-2479.3845 1151.0645 -873.44183
-2037.1729 745.80341 -873.44196
-1594.9611 340.54236 -873.44196
-1152.7494 -64.718636 -873.44196
-710.5376 -469.97964 -873.44183
-268.3259 -875.24072 -873.44196
173.88583 -1280.5017 -873.44196
616.09753 -1685.7627 -873.44196
1058.3092 -2091.0237 -873.44183
1500.5209 -2496.2847 -873.44183
1942.7327 -2901.5459 -873.44196
2554.3442 -2919.6455 -863.72845
2112.1323 -2514.3843 -863.72845
1669.9208 -2109.1233 -863.72845
1227.7091 -1703.8623 -863.72833
785.49738 -1298.6012 -863.72845
343.28561 -893.34027 -863.72845
-98.926109 -488.07919 -863.72845
-541.13782 -82.818184 -863.72845
-983.34955 322.44284 -863.72833
-1425.5614 727.70386 -863.72845
-1867.7731 1132.965 -863.72845
-2309.9846 1538.2258 -863.72845
-2752.1965 1943.4871 -863.72833
-3194.4082 2348.7478 -863.72845
-3636.6199 2754.0088 -863.72845
-2823.46 2551.2019 -854.01508
-2381.2483 2145.9409 -854.01508
-1939.0366 1740.6802 -854.01508
-1496.8248 1335.4191 -854.01508
-1054.613 930.15796 -854.01508
-612.40131 524.89697 -854.01508
-170.18958 119.63599 -854.01508
272.02216 -285.62503 -854.01508
714.23389 -690.88605 -854.01508
1156.4456 -1096.147 -854.01495
1598.6572 -1501.408 -854.01508
2040.8689 -1906.6689 -854.01508
2483.0808 -2311.9302 -854.01508
2925.2925 -2717.1912 -854.01508
3536.9038 -2735.2905 -844.30157
3094.6924 -2330.0298 -844.30157
2652.4805 -1924.7686 -844.30157
2210.2688 -1519.5076 -844.30157
1768.0571 -1114.2466 -844.30157
1325.8453 -708.9856 -844.30157
883.63367 -303.72458 -844.3017
441.42194 101.53645 -844.30157
-0.78979492 506.79745 -844.30157
-443.00153 912.05847 -844.30157
-885.21326 1317.3196 -844.30157
-1327.425 1722.5806 -844.30157
-1769.6367 2127.8413 -844.30157
-2211.8486 2533.1025 -844.30157
-1840.9003 2735.5566 -834.5882
-1398.6886 2330.2957 -834.5882
-956.47675 1925.0348 -834.58832
-514.26495 1519.7737 -834.5882
-72.053276 1114.5127 -834.5882
370.15845 709.25165 -834.5882
812.37018 303.99063 -834.58832
1254.5818 -101.27039 -834.5882
1696.7936 -506.5314 -834.5882
2139.0054 -911.79242 -834.5882
2581.217 -1317.0533 -834.5882
3023.4287 -1722.3145 -834.58832
3465.6404 -2127.5757 -834.5882
3907.8521 -2532.8364 -834.5882
4350.064 -2938.0977 -834.5882
4519.4639 -2550.9363 -824.87482
4077.2517 -2145.675 -824.87469
3635.0403 -1740.4141 -824.87469
3192.8284 -1335.153 -824.87482
2750.6167 -929.89203 -824.87482
2308.405 -524.63104 -824.87469
1866.1934 -119.36996 -824.87469
1423.9816 285.89105 -824.87469
981.76996 691.15204 -824.87482
539.55823 1096.4131 -824.87482
97.346497 1501.6742 -824.87469
-344.86526 1906.9352 -824.87469
-787.07697 2312.196 -824.87482
-1229.2887 2717.457 -824.87482
-416.12869 2514.6501 -815.16132
26.083084 2109.3892 -815.16132
468.29477 1704.1283 -815.16144
910.50647 1298.8673 -815.16144
1352.7181 893.60626 -815.16144
1794.9299 488.34525 -815.16132
2237.1416 83.084236 -815.16132
2679.3533 -322.17673 -815.16144
3121.5649 -727.43774 -815.16144
3563.7769 -1132.6989 -815.16132
4005.9885 -1537.9598 -815.16132
4448.2002 -1943.2208 -815.16144
4890.4121 -2348.4819 -815.16144
5332.6235 -2753.7429 -815.16144
5944.2354 -2771.8425 -805.44794
5502.0234 -2366.5815 -805.44781
5059.812 -1961.3203 -805.44794
4617.6001 -1556.0592 -805.44794
4175.3882 -1150.7983 -805.44794
3733.1765 -745.53729 -805.44781
3290.9648 -340.27631 -805.44794
2848.7532 64.984665 -805.44794
2406.5415 470.24573 -805.44794
1964.3297 875.50671 -805.44781
1522.1179 1280.7678 -805.44781
1079.9063 1686.0288 -805.44794
637.69458 2091.2898 -805.44794
195.48282 2496.5508 -805.44794
566.43115 2699.0049 -795.73456
1008.6428 2293.7439 -795.73456
1450.8545 1888.483 -795.73456
1893.0663 1483.222 -795.73444
2335.2781 1077.9609 -795.73456
2777.4897 672.69989 -795.73456
3219.7014 267.43896 -795.73456
3661.9131 -137.82202 -795.73444
4104.125 -543.08319 -795.73456
4546.3364 -948.34418 -795.73456
4988.5483 -1353.6051 -795.73456
5430.7603 -1758.8662 -795.73456
5872.9717 -2164.1272 -795.73444
6315.1836 -2569.3882 -795.73456
6926.7949 -2587.4878 -786.02118
6484.583 -2182.2268 -786.02118
6042.3716 -1776.9658 -786.02118
5600.1597 -1371.7046 -786.0213
5157.9478 -966.44354 -786.02118
4715.7363 -561.18274 -786.02118
4273.5244 -155.92159 -786.02118
3831.313 249.33939 -786.02118
3389.1013 654.60034 -786.02118
2946.8894 1059.8615 -786.02118
2504.6777 1465.1224 -786.02118
2062.4661 1870.3835 -786.02118
1620.2543 2275.6443 -786.02118
1178.0426 2680.9055 -786.02118
1991.2024 2478.0984 -776.30768
2433.4141 2072.8374 -776.30768
2875.626 1667.5765 -776.30768
3317.8376 1262.3154 -776.30768
3760.0493 857.05444 -776.3078
4202.2607 451.79349 -776.30768
4644.4727 46.532349 -776.30768
5086.6846 -358.72864 -776.30768
5528.896 -763.98962 -776.3078
5971.1079 -1169.2507 -776.30768
6413.3193 -1574.5115 -776.30768
6855.5313 -1979.7727 -776.30768
7297.7432 -2385.0339 -776.30768
7909.355 -2403.1335 -766.5943
7467.1431 -1997.8722 -766.59442
7024.9312 -1592.6111 -766.5943
6582.7197 -1187.3502 -766.5943
6140.5078 -782.08917 -766.5943
5698.2959 -376.82803 -766.59442
5256.0845 28.432779 -766.59442
4813.8726 433.69394 -766.5943
4371.6606 838.9549 -766.5943
3929.4492 1244.2159 -766.5943
3487.2373 1649.4769 -766.59442
3045.0256 2054.7378 -766.5943
2602.814 2459.9988 -766.5943
2160.6023 2865.26 -766.5943
2973.7622 2662.4531 -756.8808
3415.9739 2257.1921 -756.88092
3858.1858 1851.9312 -756.88092
4300.3975 1446.6702 -756.8808
4742.6089 1041.4092 -756.8808
5184.8208 636.14801 -756.88092
5627.0327 230.88707 -756.88092
6069.2441 -174.37392 -756.8808
6511.4561 -579.63507 -756.8808
6953.6675 -984.89587 -756.8808
7395.8794 -1390.157 -756.88092
7838.0913 -1795.4181 -756.88092
8280.3037 -2200.679 -756.8808
8722.5156 -2605.9402 -756.8808
9334.127 -2624.0393 -747.16754
8891.915 -2218.7783 -747.16754
8449.7031 -1813.5175 -747.16742
8007.4912 -1408.2563 -747.16742
7565.2793 -1002.9953 -747.16754
7123.0679 -597.7345 -747.16754
6680.856 -192.4733 -747.16742
6238.644 212.78784 -747.16742
5796.4326 618.04865 -747.16754
5354.2207 1023.3098 -747.16754
4912.0093 1428.5708 -747.16754
4469.7974 1833.8318 -747.16742
4027.5857 2239.0928 -747.16742
3585.374 2644.3538 -747.16754
3956.322 2846.8079 -737.45404
4398.5337 2441.5466 -737.45392
4840.7456 2036.2858 -737.45404
5282.957 1631.0249 -737.45404
5725.1689 1225.7638 -737.45404
6167.3809 820.50275 -737.45392
6609.5923 415.24179 -737.45404
7051.8042 9.9806366 -737.45404
7494.0156 -395.28018 -737.45404
7936.2275 -800.54132 -737.45404
8378.4395 -1205.8024 -737.45392
8820.6514 -1611.0632 -737.45404
9262.8633 -2016.3243 -737.45404
9705.0752 -2421.5857 -737.45404
10316.687 -2439.6851 -727.74066
9874.4746 -2034.4238 -727.74066
9432.2627 -1629.163 -727.74066
8990.0518 -1223.9022 -727.74066
8547.8398 -818.64111 -727.74066
8105.627 -413.37991 -727.74066
7663.4155 -8.1191101 -727.74066
7221.2036 397.14203 -727.74066
6778.9917 802.40314 -727.74066
6336.7803 1207.6641 -727.74066
5894.5684 1612.9252 -727.74066
5452.3569 2018.1862 -727.74066
5010.145 2423.447 -727.74066
4567.9336 2828.708 -727.74066
5381.0938 2625.9014 -718.02716
5823.3052 2220.6404 -718.02716
6265.5171 1815.3795 -718.02716
6707.7285 1410.1185 -718.02716
7149.9404 1004.8574 -718.02716
7592.1523 599.59631 -718.02716
8034.3638 194.33553 -718.02716
8476.5762 -210.92561 -718.02716
8918.7881 -616.18677 -718.02716
9360.999 -1021.4476 -718.02716
9803.2109 -1426.7087 -718.02716
10245.423 -1831.9698 -718.02728
10687.635 -2237.2312 -718.02716
10857.034 -1850.0692 -708.31378
10414.822 -1444.8081 -708.3139
9972.6113 -1039.5472 -708.3139
9530.3994 -634.28656 -708.31378
9088.1875 -229.02536 -708.31378
8645.9756 176.23578 -708.31378
8203.7646 581.49658 -708.3139
7761.5518 986.75769 -708.3139
7319.3398 1392.0189 -708.31378
6877.1284 1797.2797 -708.31378
6434.9165 2202.5408 -708.31378
5992.7051 2607.8018 -708.3139
6363.6533 2810.2561 -698.6004
6805.8652 2404.9951 -698.60028
7248.0767 1999.7341 -698.60028
7690.2886 1594.4731 -698.60028
8132.5005 1189.212 -698.6004
8574.7119 783.95117 -698.60028
9016.9238 378.69006 -698.60028
9459.1357 -26.571075 -698.60028
9901.3477 -431.83188 -698.6004
10343.56 -837.09308 -698.6004
10785.771 -1242.3541 -698.60028
10512.959 -449.93164 -688.88702
10070.747 -44.670822 -688.88702
9628.5352 360.59033 -688.88702
9186.3242 765.85144 -688.8869
8744.1123 1171.1123 -688.8869
8301.9004 1576.3734 -688.88702
7859.688 1981.6346 -688.88702
7417.4766 2386.8953 -688.88702
6975.2646 2792.1565 -688.8869
7788.4248 2589.3499 -679.17352
8230.6367 2184.0889 -679.17352
8672.8486 1778.8278 -679.1734
9115.0605 1373.5669 -679.1734
9557.2725 968.30573 -679.17352
9999.4844 563.04462 -679.17352
10441.695 157.78381 -679.17352
10883.907 -247.47733 -679.1734
10611.096 544.94482 -669.46014
10168.884 950.20599 -669.46014
9726.6719 1355.4672 -669.46014
9284.46 1760.728 -669.46014
8842.248 2165.989 -669.46002
8400.0371 2571.2502 -669.46014
8770.9854 2773.7043 -659.74652
9213.1973 2368.4434 -659.74664
9655.4082 1963.1826 -659.74664
10097.62 1557.9215 -659.74664
10539.832 1152.6604 -659.74664
10709.231 1539.8218 -650.03339
10267.02 1945.0829 -650.03326
9824.8086 2350.3435 -650.03326
9382.5967 2755.6047 -650.03326
10195.756 2552.7979 -640.31989
10637.968 2147.5366 -640.32001
